1 6165.641396191406
2 191.822302734375
3 180.6774541015625
4 175.53494931640626
5 173.355804296875
6 170.18780869140625
7 169.07233642578126
8 165.41427666015625
9 165.23136259765624
10 163.99985263671874
11 161.911672265625
12 158.53365625
13 156.20687783203124
14 155.38999077148438
15 150.15607373046876
16 152.22662211914061
17 145.3528244140625
18 147.35491030273437
19 144.94560034179688
20 147.09667299804687
21 138.54031362304687
22 144.36836577148438
23 137.16223662109374
24 139.7399896484375
25 132.528930859375
26 140.39951987304687
27 136.89343999023438
28 126.99900268554687
29 134.44543896484376
30 131.6383703125
31 126.18909091796876
32 132.17407163085937
33 130.21766186523436
34 128.22056333007814
35 124.02626850585938
36 124.48913813476562
37 125.64828813476562
38 120.5788615234375
39 120.64288603515625
40 120.15917036132812
41 125.39435336914063
42 122.4392130859375
43 117.04480346679688
44 118.86453813476562
45 115.62283447265625
46 113.20770444335938
47 113.214571875
48 114.50546708984375
49 111.21194233398438
50 113.69799248046876
51 112.45202661132812
52 109.81144448242188
53 111.2506326171875
54 110.57690483398437
55 108.87095283203125
56 109.5777626953125
57 109.57597485351563
58 104.87079985351562
59 108.50513139648437
60 110.04266381835937
61 105.3742923828125
62 106.69726665039063
63 104.67184672851562
64 103.84852944335937
65 105.05198999023438
66 104.102680859375
67 103.24487119140625
68 101.36554741210938
69 106.05694833984376
70 102.45146606445313
71 100.36862377929687
72 101.848109375
73 102.32016088867188
74 99.03706806640625
75 96.863829296875
76 100.44374462890624
77 98.520250390625
78 97.69923266601562
79 99.2910283203125
80 114.54402954101562
81 101.45366147460938
82 97.10362412109374
83 97.28720708007812
84 112.39144765625
85 96.37453742675781
86 97.59900883789062
87 96.21663703613281
88 96.00898364257813
89 94.22505634765625
90 94.15911625976563
91 91.4768869140625
92 95.57360583496094
93 95.49030141601563
94 89.9020923095703
95 99.58143901367187
96 92.90194541015624
97 94.7635080078125
98 93.57976147460937
99 95.49384672851562
100 90.46651716308594
101 89.0796337890625
102 90.07894519042969
103 90.854951171875
104 93.61661794433594
105 91.07061162109375
106 86.32391965332032
107 95.60852861328125
108 89.26444743652344
109 88.7475388671875
110 91.72686252441406
111 89.83782678222656
112 89.28933752441407
113 89.10167221679687
114 85.98492287597657
115 95.01500366210938
116 89.97886440429687
117 87.302583203125
118 87.21191940917969
119 93.95843154296875
120 85.76961782226563
121 90.1487037109375
122 85.3406712890625
123 89.80706723632812
124 86.40990180664062
125 85.60212543945312
126 87.07165327148438
127 87.82498801269531
128 80.71329782714844
129 91.59210476074219
130 85.41199907226563
131 85.43338447265624
132 92.27164274902344
133 83.83402600097656
134 86.94308747558594
135 85.49114560546874
136 84.23604013671876
137 84.646251953125
138 85.40199470214844
139 84.6162666015625
140 82.02704165039063
141 82.12337470703125
142 82.72963195800781
143 84.38933679199219
144 84.10744331054687
145 81.73147319335938
146 86.49545554199219
147 85.90601953125
148 80.98467954101562
149 81.84992314453125
150 82.17325756835938
151 84.10174851074218
152 83.39259892578124
153 80.91511374511718
154 81.78951154785156
155 80.76605092773437
156 78.85777775878907
157 84.73912490234375
158 83.30470402832032
159 81.27957016601563
160 80.83860510253906
161 79.85620192871093
162 80.27528117675782
163 77.16339213867188
164 78.74887653808594
165 85.129543359375
166 77.0313552001953
167 77.33914985351562
168 79.04536096191406
169 78.76516442871093
170 76.97585581054688
171 82.30468312988282
172 77.96592749023438
173 77.40995463867188
174 76.86146313476563
175 81.20512353515625
176 79.18308564453125
177 78.79188515625
178 74.45736550292969
179 77.13874326171874
180 77.23322216796875
181 77.16753981933594
182 81.50308325195313
183 76.10810075683594
184 75.18871318359375
185 78.67147104492187
186 81.32592199707031
187 76.29582697753906
188 75.61631555175781
189 74.23260961914062
190 79.9333408203125
191 73.32866875
192 75.19115349121094
193 77.11550190429688
194 77.53916369628907
195 74.67485249023437
196 74.55874499511718
197 77.7641064453125
198 76.32060131835938
199 75.81694560546875
200 75.77956293945313
201 78.18771843261719
202 72.08166882324218
203 79.93369235839843
204 78.92959426269532
205 71.63326232910157
206 73.65789345703125
207 78.79772109375
208 73.11981108398437
209 77.73406286621093
210 70.1385475830078
211 75.11142182617188
212 75.65790144042968
213 71.69168820800782
214 72.74479904785156
215 76.89984702148438
216 71.74488015136718
217 73.66300798339844
218 73.75859213867187
219 77.29681000976562
220 71.48399763183593
221 75.0879203125
222 75.92821313476563
223 72.14962490234375
224 73.74201745605468
225 73.14553959960938
226 72.22070522460938
227 74.98838220214844
228 72.32736215820313
229 71.4156286376953
230 72.55536403808594
231 72.49176694335938
232 77.15647163085937
233 71.098980078125
234 73.607733984375
235 72.53102468261719
236 71.3218211669922
237 72.56471247558594
238 70.73692104492187
239 67.94867875976563
240 74.06064892578125
241 70.75375200195313
242 71.65731333007813
243 74.91090517578125
244 69.39820861816406
245 71.53520732421875
246 72.09817058105469
247 68.80642099609375
248 75.79417939453126
249 72.23687653808594
250 72.51806237792968
251 71.09044343261719
252 66.70073537597656
253 71.30363132324219
254 69.23518354492188
255 72.73005256347656
256 69.11242158203125
257 71.93019428710937
258 71.02602651367188
259 69.55363894042969
260 67.50572924804688
261 67.25984306640625
262 73.2602408203125
263 69.798226171875
264 69.35755495605468
265 66.14546911621093
266 71.75268315429688
267 68.72347795410157
268 70.84316799316406
269 70.04959172363282
270 70.101000390625
271 67.60426108398437
272 69.37584204101563
273 71.07523981933593
274 72.60905759277344
275 69.35308381347656
276 66.33630913085938
277 66.70736149902343
278 69.98367250976563
279 68.6013625
280 77.99927692871094
281 65.18324311523438
282 67.33264143066407
283 68.86341145019531
284 65.46822204589844
285 67.46272600097656
286 68.04931860351563
287 65.64825981445313
288 70.011840625
289 65.8712814453125
290 67.91195407714844
291 68.74280358886719
292 66.44785112304687
293 67.42125546875
294 65.15714860839844
295 65.97271650390626
296 67.49483041992187
297 67.63962902832031
298 65.04808544921875
299 67.19999860839843
300 67.75268620605469
301 66.45914760742187
302 64.91730261230468
303 70.45583215332032
304 65.615157421875
305 68.39882993164062
306 65.85052595214843
307 64.16467866210938
308 68.58581730957032
309 64.28130964355469
310 67.14868227539063
311 64.6848634765625
312 66.94789338378907
313 65.62856279296875
314 68.80484167480469
315 70.93214555664062
316 63.84525119628906
317 66.01013166503907
318 63.76507280273437
319 67.04138891601562
320 65.28523425292968
321 66.0331884765625
322 65.76068002929688
323 66.0860453125
324 65.23239064941406
325 64.37949936523438
326 64.75077756347656
327 66.33160302734375
328 64.7318188720703
329 64.828901171875
330 65.20650603027343
331 66.06546879882812
332 63.59181118164062
333 68.62295561523437
334 65.33790927734375
335 64.36284445800781
336 67.58618955078126
337 63.983877416992186
338 67.767862890625
339 66.03893503417969
340 63.68654228515625
341 64.19059658203125
342 62.85885090332031
343 65.4910943359375
344 67.98466240234374
345 63.9190552734375
346 60.97558178710938
347 67.37111696777343
348 62.822741796875
349 68.8996559814453
350 62.95912175292969
351 62.629564428710935
352 69.89534157714844
353 62.30353481445312
354 61.13946232910156
355 67.6177783203125
356 63.89051362304688
357 62.59800219726562
358 63.633741870117184
359 64.47230805664063
360 68.88391638183593
361 65.33873505859376
362 64.98728828125
363 69.58966423339844
364 63.9837154296875
365 60.18091838378906
366 63.972911474609376
367 63.384307421875
368 68.74224172363282
369 61.615827270507815
370 62.93842692871094
371 64.49898713378906
372 65.19110861816407
373 64.4960013671875
374 63.15430439453125
375 62.60250810546875
376 61.546802221679684
377 60.59217478027344
378 66.1004520263672
379 67.84477895507813
380 65.71132700195312
381 61.26875056152344
382 65.14667875976562
383 61.96122270507812
384 62.473567211914066
385 64.53609033203125
386 63.29205339355469
387 62.52435314941406
388 62.284243701171874
389 61.9032974609375
390 64.6213771484375
391 62.0877279296875
392 60.786551220703124
393 66.52907734375
394 60.361675512695314
395 64.44541748046875
396 61.41481809082031
397 60.61049943847656
398 61.02114309082031
399 62.757732055664064
400 66.01201105957031
401 62.16194516601563
402 58.99681787109375
403 63.08397875976563
404 60.87017094726563
405 60.84279782714844
406 65.21267219238281
407 63.793266015625
408 59.950745141601566
409 61.505373852539066
410 61.671364233398435
411 62.18628120117187
412 62.522773657226566
413 60.79158117675781
414 62.57111853027344
415 61.27107006835938
416 62.32987475585937
417 65.17193442382812
418 61.83811276855469
419 62.82799819335938
420 58.90265895996094
421 62.36033046875
422 64.58980078125
423 58.50007014160156
424 62.00616276855469
425 62.38108774414062
426 61.18790395507813
427 62.086676171875
428 59.594487231445314
429 61.37619035644531
430 60.34087307128906
431 61.95261591796875
432 59.24208740234375
433 63.96740119628906
434 61.72319067382813
435 62.53946857910156
436 60.8352916015625
437 63.05728596191406
438 61.313951879882815
439 62.15805456542969
440 60.206934790039064
441 60.59211252441406
442 62.94547062988281
443 60.56627875976562
444 58.96059045410156
445 61.024752294921875
446 62.43011318359375
447 61.29212199707031
448 61.20658178710938
449 60.632895776367185
450 62.30251020507813
451 58.10122448730469
452 61.82759838867187
453 64.079978125
454 58.75097587890625
455 65.3196103515625
456 60.98636884765625
457 57.824878295898436
458 66.57296281738282
459 58.91499191894531
460 56.106903125
461 61.26527041015625
462 59.773352612304684
463 60.38877709960938
464 60.7193099609375
465 60.23675869140625
466 58.91991887207031
467 58.4154630859375
468 61.22027517089844
469 60.54976340332031
470 58.109145361328125
471 63.70347551269531
472 59.65926577148438
473 60.17531923828125
474 59.73942175292969
475 58.414378393554685
476 60.33953420410156
477 57.74035903320313
478 59.99945600585937
479 58.63457080078125
480 64.15193610839843
481 57.75484357910156
482 59.869763891601565
483 57.10149294433594
484 60.36506345214844
485 58.31915249023437
486 61.842953564453126
487 57.499184887695314
488 59.33151201171875
489 61.96187221679688
490 59.06935639648437
491 58.84591193847656
492 56.24412565917969
493 60.88522443847656
494 60.13744538574219
495 66.9186220703125
496 58.76566271972656
497 57.48581774902344
498 59.95282839355469
499 57.233905004882814
500 57.65085339355469
501 63.81561496582031
