0 233.25587463378906
1 260.9737854003906
2 175.5985870361328
3 172.14564514160156
4 167.21035766601562
5 185.472900390625
6 231.05482482910156
7 186.79502868652344
8 181.32513427734375
9 193.0115509033203
10 190.15097045898438
11 212.10171508789062
12 194.9588165283203
13 223.00750732421875
14 202.37844848632812
15 213.8947296142578
16 219.26683044433594
17 211.3304443359375
18 243.45664978027344
19 232.0957794189453
20 219.4072723388672
21 224.58917236328125
22 231.32177734375
23 237.5006866455078
24 249.6114501953125
25 224.48788452148438
26 228.78854370117188
27 223.54058837890625
28 215.96600341796875
29 240.31761169433594
30 223.1999969482422
31 225.3687744140625
32 253.80087280273438
33 227.30728149414062
34 245.6455078125
35 241.36439514160156
36 243.05979919433594
37 233.55899047851562
38 230.73712158203125
39 252.3185272216797
40 245.0201873779297
41 252.62274169921875
42 261.8479309082031
43 253.94000244140625
44 262.0557556152344
45 258.6734313964844
46 236.0467987060547
47 258.4215393066406
48 251.7623748779297
49 249.0553741455078
50 250.31072998046875
